[[246 246 246 246 246 246 246 246 246 246 246 246 246 246 246 246 246 246
 246 246 246 246 246 246 246 246 246 246 246 246 246 246 246 246 246 246
 246 246 246 246 246 246 246 246 246 246 246 246 246 246 246 246 246 246
 246 246 246 246 246 246 246 246 246 246 246 246 246 246 246 246 246 246
 246 246 246 246 246 246 246 246 246 246 246 246 246 246 246 246 246 246
 246 246 246 246 246 246 246 246 246 246],
[246 246 246 246 246 246 246 246 246 246 246 246 246 246 246 246 246 246
 246 246 246 246 246 246 246 246 246 246 246 246 246 246 246 246 246 246
 246 246 246 246 246 246 246 246 246 246 246 246 246 246 246 246 246 246
 246 246 246 246 246 246 246 246 246 246 246 246 246 246 246 246 246 246
 246 246 246 246 246 246 246 246 246 246 246 246 246 246 246 246 246 246
 246 246 246 246 246 246 246 246 246 246],
[246 246 246 246 246 246 246 246 246 246 246 246 246 246 246 246 246 246
 246 246 246 246 246 246 246 246 246 246 246 246 246 246 246 246 246 246
 246 246 246 246 246 246 246 246 246 246 246 246 246 246 246 246 246 246
 246 246 246 246 246 246 246 246 246 246 246 246 246 246 246 246 246 246
 246 246 246 246 246 246 246 246 246 246 246 246 246 246 246 246 246 246
 246 246 246 246 246 246 246 246 246 246],
[246 246 246 246 246 246 246 246 246 246 246 246 246 246 246 246 246 246
 246 246 246 246 246 246 246 246 246 246 246 246 246 246 246 246   0   0
   0   0   0   0   0   0   0   0   0   0   0   0   0   0   0   0   0   0
   0   0   0   0   0   0   0   0   0   0   0   0   0   0 246 246 246 246
 246 246 246 246 246 246 246 246 246 246 246 246 246 246 246 246 246 246
 246 246 246 246 246 246 246 246 246 246],
[246 246 246 246 246 246 246 246 246 246 246 246 246 246 246 246 246 246
 246 246 246 246 246 246 246 246 246 246 246 246 246 246 246 246   0   0
   0   0   0   0   0   0   0   0   0   0   0   0   0   0   0   0   0   0
   0   0   0   0   0   0   0   0   0   0   0   0   0   0 246 246 246 246
 246 246 246 246 246 246 246 246 246 246 246 246 246 246 246 246 246 246
 246 246 246 246 246 246 246 246 246 246],
[246 246 246 246 246 246 246 246 246 246 246 246 246 246 246 246 246 246
 246 246 246 246 246 246 246 246 246 246 246 246 246 246 246 246   0   0
   0   0   0   0   0   0   0   0   0   0   0   0   0   0   0   0   0   0
   0   0   0   0   0   0   0   0   0   0   0   0   0   0 246 246 246 246
 246 246 246 246 246 246 246 246 246 246 246 246 246 246 246 246 246 246
 246 246 246 246 246 246 246 246 246 246],
[246 246 246 246 246 246 246 246 246 246 246 246 246 246 246 246 246 246
 246 246 246 246 246 246 246 246 246 246 246 246 246 246 246 246   0   0
   0   0   0   0   0   0   0   0   0   0   0   0   0   0   0   0   0   0
   0   0   0   0   0   0   0   0   0   0   0   0   0   0 246 246 246 246
 246 246 246 246 246 246 246 246 246 246 246 246 246 246 246 246 246 246
 246 246 246 246 246 246 246 246 246 246],
[246 246 246 246 246 246 246 246 246 246 246 246 246 246 246 246 246 246
 246 246 246 246 246   0   0   0   0   0   0   0   0   0   0   0 227 227
 227 227 227 227 227 227 227 227 227 227 227 227 227 227 227 227 227 227
 227 227 227 227 227 227 227 227 227 227 227 227 227 227   0   0   0   0
   0   0   0   0   0   0   0 246 246 246 246 246 246 246 246 246 246 246
 246 246 246 246 246 246 246 246 246 246],
[246 246 246 246 246 246 246 246 246 246 246 246 246 246 246 246 246 246
 246 246 246 246 246   0   0   0   0   0   0   0   0   0   0   0 227 227
 227 227 227 227 227 227 227 227 227 227 227 227 227 227 227 227 227 227
 227 227 227 227 227 227 227 227 227 227 227 227 227 227   0   0   0   0
   0   0   0   0   0   0   0 246 246 246 246 246 246 246 246 246 246 246
 246 246 246 246 246 246 246 246 246 246],
[246 246 246 246 246 246 246 246 246 246 246 246 246 246 246 246 246 246
 246 246 246 246 246   0   0   0   0   0   0   0   0   0   0   0 227 227
 227 227 227 227 227 227 227 227 227 227 227 227 227 227 227 227 227 227
 227 227 227 227 227 227 227 227 227 227 227 227 227 227   0   0   0   0
   0   0   0   0   0   0   0 246 246 246 246 246 246 246 246 246 246 246
 246 246 246 246 246 246 246 246 246 246],
[246 246 246 246 246 246 246 246 246 246 246 246 246 246 246 246 246 246
 246 246 246 246 246   0   0   0   0   0   0   0   0   0   0   0 227 227
 227 227 227 227 227 227 227 227 227 227 227 227 227 227 227 227 227 227
 227 227 227 227 227 227 227 227 227 227 227 227 227 227   0   0   0   0
   0   0   0   0   0   0   0 246 246 246 246 246 246 246 246 246 246 246
 246 246 246 246 246 246 246 246 246 246],
[246 246 246 246 246 246 246 246 246 246 246 246 246 246 246 246 246 245
 234 234 234 234 234  19  19  19  19  19  19  19  19  19  19  19 227 227
 227 227 227 227 227 227 227 227 227 227 227 227 227 227 227 227 227 227
 227 227 227 227 227 227 227 227 227 227 227 227 227 227  19  19  19  19
  19  19  19  19  19  19  19 235 234 234 234 234 234 246 246 246 246 246
 246 246 246 246 246 246 246 246 246 246],
[246 246 246 246 246 246 246 246 246 246 246 246 246 246 246 246 246 246
   0   0   0   0   0 227 227 227 227 227 227 227 227 227 227 227 227 227
 227 227 227 227 227 227 227 227 227 227 227 227 227 227 227 227 227 227
 227 227 227 227 227 227 227 227 227 227 227 227 227 227 227 227 227 227
 227 227 227 227 227 227 227   1   0   0   0   0  12 246 246 246 246 246
 246 246 246 246 246 246 246 246 246 246],
[246 246 246 246 246 246 246 246 246 246 246 246 246 246 246 246 246 246
   0   0   0   0   0 227 227 227 227 227 227 227 227 227 227 227 227 227
 227 227 227 227 227 227 227 227 227 227 227 227 227 227 227 227 227 227
 227 227 227 227 227 227 227 227 227 227 227 227 227 227 227 227 227 227
 227 227 227 227 227 227 227   1   0   0   0   0  12 246 246 246 246 246
 246 246 246 246 246 246 246 246 246 246],
[246 246 246 246 246 246 246 246 246 246 246 246 246 246 246 246 246 246
   0   0   0   0   0 227 227 227 227 227 227 227 227 227 227 227 227 227
 227 227 227 227 227 227 227 227 227 227 227 227 227 227 227 227 227 227
 227 227 227 227 227 227 227 227 227 227 227 227 227 227 227 227 227 227
 227 227 227 227 227 227 227   1   0   0   0   0  12 246 246 246 246 246
 246 246 246 246 246 246 246 246 246 246],
[246 246 246 246 246 246 246 246 246 246 246 246 246 246 246 246 246 246
   0   0   0   0   0 227 227 227 227 227 227 227 227 227 227 227 227 227
 227 227 227 227 227 227 227 227 227 227 227 227 227 227 227 227 227 227
 227 227 227 227 227 227 227 227 227 227 227 227 227 227 227 227 227 227
 227 227 227 227 227 227 227   1   0   0   0   0  12 246 246 246 246 246
 246 246 246 246 246 246 246 246 246 246],
[246 246 246 246 246 246 246 246 246 246 246 246  12   0   0   0   0   0
 227 227 227 227 227 227 227 227 227 227 227 227 227 227 227 227 227 227
 227 227 227 227 227 227 227 227 227 227 227 227 227 227 227 227 227 227
 227 227 227 227 227 227 227 227 227 227 227 227 227 227 227 227 227 227
 227 227 227 227 227 227 227 227 227 227 227 227 216   0   0   0   0   0
 234 246 246 246 246 246 246 246 246 246],
[246 246 246 246 246 246 246 246 246 246 246 246  12   0   0   0   0   0
 227 227 227 227 227 227 227 227 227 227 227 227 227 227 227 227 227 227
 227 227 227 227 227 227 227 227 227 227 227 227 227 227 227 227 227 227
 227 227 227 227 227 227 227 227 227 227 227 227 227 227 227 227 227 227
 227 227 227 227 227 227 227 227 227 227 227 227 216   0   0   0   0   0
 234 246 246 246 246 246 246 246 246 246],
[246 246 246 246 246 246 246 246 246 246 246 246  12   0   0   0   0   0
 227 227 227 227 227 227 227 227 227 227 227 227 227 227 227 227 227 227
 227 227 227 227 227 227 227 227 227 227 227 227 227 227 227 227 227 227
 227 227 227 227 227 227 227 227 227 227 227 227 227 227 227 227 227 227
 227 227 227 227 227 227 227 227 227 227 227 227 216   0   0   0   0   0
 234 246 246 246 246 246 246 246 246 246],
[246 246 246 246 246 246 246 246 246 246 246 246  12   0   0   0   0   0
 227 227 227 227 227 227 227 227 227 227 227 227 227 227 227 227 227 227
 227 227 227 227 227 227 227 227 227 227 227 227 227 227 227 227 227 227
 227 227 227 227 227 227 227 227 227 227 227 227 227 227 227 227 227 227
 227 227 227 227 227 227 227 227 227 227 227 227 216   0   0   0   0   0
 234 246 246 246 246 246 246 246 246 246],
[246 246 246 246 246 246 246 246 246 246 246 246  12   0   0   0   0   0
 227 227 227 227 227 227 227 227 227 227 227 227 227 227 227 227 227 227
 227 227 227 227 227 227 227 227 227 227 227 227 227 227 227 227 227 227
 227 227 227 227 227 227 227 227 227 227 227 227 227 227 227 227 227 227
 227 227 227 227 227 227 227 227 227 227 227 227 216   0   0   0   0   0
 234 246 246 246 246 246 246 246 246 246],
[246 246 246 246 246 246 246 246 246 246 246 246  12   0   0   0   0   0
 227 227 227 227 227 227 227 227 227 227 227 152 152 152 152 152 152 152
 152 152 152 152 152 152 152 152 152 152 152 152 152 152 152 152 152 152
 152 152 152 152 152 152 152 152 227 227 227 227 227 227 227 227 227 227
 227 227 227 227 227 227 227 227 227 227 227 227 216   0   0   0   0   0
 234 246 246 246 246 246 246 246 246 246],
[246 246 246 246 246 246 246 246 246 246 246 246  12   0   0   0   0   0
 227 227 227 227 227 227 227 227 227 227 227 152 152 152 152 152 152 152
 152 152 152 152 152 152 152 152 152 152 152 152 152 152 152 152 152 152
 152 152 152 152 152 152 152 152 227 227 227 227 227 227 227 227 227 227
 227 227 227 227 227 227 227 227 227 227 227 227 216   0   0   0   0   0
 234 246 246 246 246 246 246 246 246 246],
[246 246 246 246 246 246 246 246 246 246 246 246  12   0   0   0   0   0
 227 227 227 227 227 227 227 227 227 227 227 152 152 152 152 152 152 152
 152 152 152 152 152 152 152 152 152 152 152 152 152 152 152 152 152 152
 152 152 152 152 152 152 152 152 227 227 227 227 227 227 227 227 227 227
 227 227 227 227 227 227 227 227 227 227 227 227 216   0   0   0   0   0
 234 246 246 246 246 246 246 246 246 246],
[246 246 246 246 246 246 246 246 246 246 246 246  12   0   0   0   0   0
 227 227 227 227 227 227 227 227 227 227 227 152 152 152 152 152 152 152
 152 152 152 152 152 152 152 152 152 152 152 152 152 152 152 152 152 152
 152 152 152 152 152 152 152 152 227 227 227 227 227 227 227 227 227 227
 227 227 227 227 227 227 227 227 227 227 227 227 216   0   0   0   0   0
 234 246 246 246 246 246 246 246 246 246],
[246 246 246 246 246 246 246 246 246 246 246 246  12   0   0   0   0   0
 227 227 227 227 227 152 152 152 152 152 152 203 203 203 203 203 203 203
 203 203 203 203 203 203 203 203 203 203 203 203 203 203 203 203 203 203
 203 203 201 152 152 152 152 152 152 152 152 152 152 152 228 227 227 227
 227 227 227 227 227 227 227 227 227 227 227 227 216   0   0   0   0   0
 234 246 246 246 246 246 246 246 246 246],
[246 246 246 246 246 246 246 246 246 246 246 246  12   0   0   0   0   0
 227 227 227 227 227 152 152 152 152 152 152 203 203 203 203 203 203 203
 203 203 203 203 203 203 203 203 203 203 203 203 203 203 203 203 203 203
 203 203 201 152 152 152 152 152 152 152 152 152 152 152 227 227 227 227
 227 227 227 227 227 227 227 227 227 227 227 227 216   0   0   0   0   0
 234 246 246 246 246 246 246 246 246 246],
[246 246 246 246 246 246 246 246 246 246 246 246  12   0   0   0   0   0
 227 227 227 227 227 152 152 152 152 152 152 203 203 203 203 203 203 203
 203 203 203 203 203 203 203 203 203 203 203 203 203 203 203 203 203 203
 203 203 201 152 152 152 152 152 152 152 152 152 152 152 227 227 227 227
 227 227 227 227 227 227 227 227 227 227 227 227 216   0   0   0   0   0
 234 246 246 246 246 246 246 246 246 246],
[246 246 246 246 246 246 246 246 246 246 246 246  12   0   0   0   0   0
 227 227 227 227 227 152 152 152 152 152 152 203 203 203 203 203 203 203
 203 203 203 203 203 203 203 203 203 203 203 203 203 203 203 203 203 203
 203 203 201 152 152 152 152 152 152 152 152 152 152 152 227 227 227 227
 227 227 227 227 227 227 227 227 227 227 227 227 216   0   0   0   0   0
 234 246 246 246 246 246 246 246 246 246],
[246 246 246 246 246 246 246 246 246 246 246 246  12   0   0   0   0   0
 227 227 227 227 227 152 152 152 152 152 152 203 203 203 203 203 203 203
 203 203 203 203 203 203 203 203 203 203 203 203 203 203 203 203 203 203
 203 203 201 152 152 152 152 152 152 152 152 152 152 152 227 227 227 227
 227 227 227 227 227 227 227 227 227 227 227 227 216   0   0   0   0   0
 234 246 246 246 246 246 246 246 246 246],
[246 246 246 246 246 246 246 246 246 246 246 246  12   0   0   0   0   0
   0   0   0   0   0 152 152 152 152 152 152 203 203 203 203 203 254 254
 254 254 254 254 254 254 254 254 254 254 254 254 254 254 254 254 254 254
 254 254 249 152 152 152 152 152 152 152 152 152 152 152   0   0   0   0
   0   0   0   0   0   0   0   0   0   0   0   0   0   1   0   0   0   0
 234 246 246 246 246 246 246 246 246 246],
[246 246 246 246 246 246 246 246 246 246 246 246  12   0   0   0   0   0
   0   0   0   0   0 152 152 152 152 152 152 203 203 203 203 203 254 254
 254 254 254 254 254 254 254 254 254 254 254 254 254 254 254 254 254 254
 254 254 249 152 152 152 152 152 152 152 152 152 152 152   0   0   0   0
   0   0   0   0   0   0   0   0   0   0   0   0   0   0   0   0   0   0
 234 246 246 246 246 246 246 246 246 246],
[246 246 246 246 246 246 246 246 246 246 246 246  12   0   0   0   0   0
   0   0   0   0   0 152 152 152 152 152 152 203 203 203 203 203 254 254
 254 254 254 254 254 254 254 254 254 254 254 254 254 254 254 254 254 254
 254 254 249 152 152 152 152 152 152 152 152 152 152 152   0   0   0   0
   0   0   0   0   0   0   0   0   0   0   0   0   0   0   0   0   0   0
 234 246 246 246 246 246 246 246 246 246],
[246 246 246 246 246 246 246 246 246 246 246 246  12   0   0   0   0   0
   0   0   0   0   0 152 152 152 152 152 152 203 203 203 203 203 254 254
 254 254 254 254 254 254 254 254 254 254 254 254 254 254 254 254 254 254
 254 254 249 152 152 152 152 152 152 152 152 152 152 152   0   0   0   0
   0   0   0   0   0   0   0   0   0   0   0   0   0   0   0   0   0   0
 234 246 246 246 246 246 246 246 246 246],
[246 246 246 246 246 246 246 246 246 246 246 246  12   0   0   0   0   0
   0   0   0   0   0 152 152 152 152 152 152 203 203 203 203 203 254 254
 254 254 254 242   0   0   0   0   0   0   0   0   0   0   0 254 254 254
 254 254 249 152 152 152 152 152 152 152 152 152 152 152   0   0   0   0
   0   0   0   0   0   0   0   0   0   0   0   0   0   0   0   0   0   0
 234 246 246 246 246 246 246 246 246 246],
[246 246 246 246 246 246 246 246 246 246 246 246  12   0   0   0   0   0
   0   0   0   0   0 152 152 152 152 152 152 203 203 203 203 203 254 254
 254 254 254 242   0   0   0   0   0   0   0   0   0   0   0 254 254 254
 254 254 249 152 152 152 152 152 152 152 152 152 152 152   0   0   0   0
   0   0   0   0   0   0   0   0   0   0   0   0   0   0   0   0   0   0
 234 246 246 246 246 246 246 246 246 246],
[246 246 246 246 246 246 246 246 246 246 246 246  12   0   0   0   0   0
   0   0   0   0   0 152 152 152 152 152 152 203 203 203 203 203 254 254
 254 254 254 242   0   0   0   0   0   0   0   0   0   0   0 254 254 254
 254 254 249 152 152 152 152 152 152 152 152 152 152 152   0   0   0   0
   0   0   0   0   0   0   0   0   0   0   0   0   0   0   0   0   0   0
 234 246 246 246 246 246 246 246 246 246],
[246 246 246 246 246 246 246 246 246 246 246 246  12   0   0   0   0   0
   0   0   0   0   0 152 152 152 152 152 152 203 203 203 203 203 254 254
 254 254 254 242   0   0   0   0   0   0   0   0   0   0   0 254 254 254
 254 254 249 152 152 152 152 152 152 152 152 152 152 152   0   0   0   0
   0   0   0   0   0   0   0   0   0   0   0   0   0   0   0   0   0   0
 234 246 246 246 246 246 246 246 246 246],
[246 246 246 246 246 246 246 246 246 246 246 246  12   0   0   0   1   0
 227 227 227 227 227 152 152 152 152 152 152 203 203 203 203 203 254 254
 254 254 254 242   0   0   0   0   0   0   0   0   0   0   0 254 254 254
 254 254 249 152 152 152 152 152 152 152 152 152 152 152 226 227 227 227
 227 227 227 227 227 227 227 227 227 227 227 227 216   0   0   0   0   0
 234 246 246 246 246 246 246 246 246 246],
[246 246 246 246 246 246 246 246 246 246 246 246  12   0   0   0   0   0
 227 227 227 227 227 152 152 152 152 152 152 203 203 203 203 203 254 254
 254 254 254 242   0   0   0   0   0   0   0   0   0   0   0 254 254 254
 254 254 249 152 152 152 152 152 152 152 152 152 152 152 227 227 227 227
 227 227 227 227 227 227 227 227 227 227 227 227 216   0   0   0   0   0
 234 246 246 246 246 246 246 246 246 246],
[246 246 246 246 246 246 246 246 246 246 246 246  12   0   0   0   0   0
 227 227 227 227 227 152 152 152 152 152 152 203 203 203 203 203 254 254
 254 254 254 242   0   0   0   0   0   0   0   0   0   0   0 254 254 254
 254 254 249 152 152 152 152 152 152 152 152 152 152 152 227 227 227 227
 227 227 227 227 227 227 227 227 227 227 227 227 216   0   0   0   0   0
 234 246 246 246 246 246 246 246 246 246],
[246 246 246 246 246 246 246 246 246 246 246 246  12   0   0   0   0   0
 227 227 227 227 227 152 152 152 152 152 152 203 203 203 203 203 254 254
 254 254 254 242   0   0   0   0   0   0   0   0   0   0   0 254 254 254
 254 254 249 152 152 152 152 152 152 152 152 152 152 152 227 227 227 227
 227 227 227 227 227 227 227 227 227 227 227 227 216   0   0   0   0   0
 234 246 246 246 246 246 246 246 246 246],
[246 246 246 246 246 246 246 246 246 246 246 246  12   0   0   0   0   0
 227 227 227 227 227 152 152 152 152 152 152 203 203 203 203 203 254 254
 254 254 254 242   0   0   0   0   0   0   0   0   0   0   0 254 254 254
 254 254 249 152 152 152 152 152 152 152 152 152 152 152 227 227 227 227
 227 227 227 227 227 227 227 227 227 227 227 227 216   0   0   0   0   0
 234 246 246 246 246 246 246 246 246 246],
[246 246 246 246 246 246 246 246 246 246 246 246  12   0   0   0   0   0
 227 227 227 227 227 152 152 152 152 152 152 203 203 203 203 203 254 254
 254 254 254 254 254 254 254 254 254 254 254 254 254 254 254 254 254 254
 254 254 249 152 152 152 152 152 152 152 152 152 152 152 227 227 227 227
 227 227 227 227 227 227 227 227 227 227 227 227 216   0   0   0   0   0
 234 246 246 246 246 246 246 246 246 246],
[246 246 246 246 246 246 246 246 246 246 246 246  12   0   0   0   0   0
 227 227 227 227 227 152 152 152 152 152 152 203 203 203 203 203 254 254
 254 254 254 254 254 254 254 254 254 254 254 254 254 254 254 254 254 254
 254 254 249 152 152 152 152 152 152 152 152 152 152 152 227 227 227 227
 227 227 227 227 227 227 227 227 227 227 227 227 216   0   0   0   0   0
 234 246 246 246 246 246 246 246 246 246],
[246 246 246 246 246 246 246 246 246 246 246 246  12   0   0   0   0   0
 227 227 227 227 227 152 152 152 152 152 152 203 203 203 203 203 254 254
 254 254 254 254 254 254 254 254 254 254 254 254 254 254 254 254 254 254
 254 254 249 152 152 152 152 152 152 152 152 152 152 152 227 227 227 227
 227 227 227 227 227 227 227 227 227 227 227 227 216   0   0   0   0   0
 234 246 246 246 246 246 246 246 246 246],
[246 246 246 246 246 246 246 246 246 246 246 246  12   0   0   0   0   0
 227 227 227 227 227 151 152 152 152 152 152 203 203 203 203 203 254 254
 254 254 254 254 254 254 254 254 254 254 254 254 254 254 254 254 254 254
 254 254 249 152 152 152 152 152 152 152 152 152 152 152 227 227 227 227
 227 227 227 227 227 227 227 227 227 227 227 227 216   0   0   0   0   0
 234 246 246 246 246 246 246 246 246 246],
[246 246 246 246 246 246 246 246 246 246 246 246  12   0   0   0   0   0
 227 227 227 227 227 227 227 227 227 227 227 152 152 152 152 152 152 152
 152 152 152 152 152 152 152 152 152 152 152 152 152 152 152 152 152 152
 152 152 152 152 152 152 152 152  96  96  96  96  96  96 227 227 227 227
 227 227 227 227 227 227 227 227 227 227 227 227 216   0   0   0   0   0
 234 246 246 246 246 246 246 246 246 246],
[246 246 246 246 246 246 246 246 246 246 246 246  12   0   0   0   0   0
 227 227 227 227 227 227 227 227 227 227 227 152 152 152 152 152 152 152
 152 152 152 152 152 152 152 152 152 152 152 152 152 152 152 152 152 152
 152 152 152 152 152 152 152 152  96  96  96  96  96  96 227 227 227 227
 227 227 227 227 227 227 227 227 227 227 227 227 216   0   0   0   0   0
 234 246 246 246 246 246 246 246 246 246],
[246 246 246 246 246 246 246 246 246 246 246 246  12   0   0   0   0   0
 227 227 227 227 227 227 227 227 227 227 227 152 152 152 152 152 152 152
 152 152 152 152 152 152 152 152 152 152 152 152 152 152 152 152 152 152
 152 152 152 152 152 152 152 152  96  96  96  96  96  96 227 227 227 227
 227 227 227 227 227 227 227 227 227 227 227 227 216   0   0   0   0   0
 234 246 246 246 246 246 246 246 246 246],
[246 246 246 246 246 246 246 246 246 246 246 246  12   0   0   0   0   0
 227 227 227 227 227 227 227 227 227 227 227 152 152 152 152 152 152 152
 152 152 152 152 152 152 152 152 152 151 152 152 152 152 152 152 152 152
 152 152 152 152 152 152 152 152  96  96  96  96  96  96 227 227 227 227
 227 227 227 227 227 227 227 227 227 227 227 227 216   0   0   0   0   0
 234 246 246 246 246 246 246 246 246 246],
[246 246 246 246 246 246 246 246 246 246 246 246  12   0   0   0   0   0
 227 227 227 227 227 227 227 227 227 227 227 224 224 224 224 224 224 224
 224 224 224 224 224 224 224 224 224  99  99  99  99  99  99  99  99  99
  99  99 100 123 123 123 123 123 120 120 120 120 120 119 227 227 227 227
 227 227 227 227 227 227 227 227 227 227 227 227 216   0   0   0   0   0
 234 246 246 246 246 246 246 246 246 246],
[246 246 246 246 246 246 246 246 246 246 246 246  12   0   0   0   0   0
 227 227 227 227 227 227 227 227 227 227 227 227 227 227 227 227 227 227
 227 227 227 227 227 227 227 227 227  96  96  96  96  96  96  96  96  96
  96  96  97 121 121 121 121 121 121 121 121 121 121 121 227 227 227 227
 227 227 227 227 227 227 227 227 227 227 227 227 216   0   0   0   0   0
 234 246 246 246 246 246 246 246 246 246],
[246 246 246 246 246 246 246 246 246 246 246 246  12   0   0   0   0   0
 227 227 227 227 227 227 227 227 227 227 227 227 227 227 227 227 227 227
 227 227 227 227 227 227 227 227 227  96  96  96  96  96  96  96  96  96
  96  96  97 121 121 121 121 121 121 121 121 121 121 121 227 227 227 227
 227 227 227 227 227 227 227 227 227 227 227 227 216   0   0   0   0   0
 234 246 246 246 246 246 246 246 246 246],
[246 246 246 246 246 246 246 246 246 246 246 246  12   0   0   0   0   0
 227 227 227 227 227 227 227 227 227 227 227 227 227 227 227 227 227 227
 227 227 227 227 227 227 227 227 227  96  96  96  96  96  96  96  96  96
  96  96  97 121 121 121 121 121 121 121 121 121 121 121 227 227 227 227
 227 227 227 227 227 227 227 227 227 227 227 227 216   0   0   0   0   0
 234 246 246 246 246 246 246 246 246 246],
[246 246 246 246 246 246 246 246 246 246 246 246  12   0   0   0   0   0
 227 227 227 227 227 227 227 227 227 227 227 227 227 227 227 227 227 227
 227 227 227 227 227 227 227 227 226 103 103 103 103 103 103  96  96  96
  96  96  97 120 120 120 120 120 120 120 120 120 120 119 227 227 227 227
 227 227 227 227 227 227 227 227 227 227 227 227 216   0   0   0   0   0
 234 246 246 246 246 246 246 246 246 246],
[246 246 246 246 246 246 246 246 246 246 246 246  12   0   0   0   0   0
 227 227 227 227 227 227 227 227 227 227 227 227 227 227 227 227 227 227
 227 227 227 227 227 227 227 227 227 227 227 227 227 227 227  96  96  96
  96  96  96  96  96  96  96  96  96  96  96  96  96  96 227 227 227 227
 227 227 227 227 227 227 227 227 227 227 227 227 216   0   0   0   0   0
 234 246 246 246 246 246 246 246 246 246],
[246 246 246 246 246 246 246 246 246 246 246 246  12   0   0   0   0   0
 227 227 227 227 227 227 227 227 227 227 227 227 227 227 227 227 227 227
 227 227 227 227 227 227 227 227 227 227 227 227 227 227 227  96  96  96
  96  96  96  96  96  96  96  96  96  96  96  96  96  96 227 227 227 227
 227 227 227 227 227 227 227 227 227 227 227 227 216   0   0   0   0   0
 234 246 246 246 246 246 246 246 246 246],
[246 246 246 246 246 246 246 246 246 246 246 246  12   0   0   0   0   0
 227 227 227 227 227 227 227 227 227 227 227 227 227 227 227 227 227 227
 227 227 227 227 227 227 227 227 227 227 227 227 227 227 227  96  96  96
  96  96  96  96  96  96  96  96  96  96  96  96  96  96 227 227 227 227
 227 227 227 227 227 227 227 227 227 227 227 227 216   0   0   0   0   0
 234 246 246 246 246 246 246 246 246 246],
[246 246 246 246 246 246 246 246 246 246 246 246  12   0   0   0   0   0
 108 108 108 108 108 227 227 227 227 227 227 227 227 227 227 227 227 227
 227 227 227 227 227 227 227 227 227 227 227 227 227 227 227 214 214 214
 214 214 214 214 214 214 214 214 214 214 214 214 214 214 227 227 227 227
 227 114 107 108 108 108 108 108 108 108 108 108 103   0   0   0   0   0
 234 246 246 246 246 246 246 246 246 246],
[246 246 246 246 246 246 246 246 246 246 246 246  12   0   0   0   0   0
 101 101 101 101 101 227 227 227 227 227 227 227 227 227 227 227 227 227
 227 227 227 227 227 227 227 227 227 227 227 227 227 227 227 227 227 227
 227 227 227 227 227 227 227 227 227 227 227 227 227 227 227 227 227 227
 227 108 101 101 101 101 101 101 101 101 101 101  97   0   0   0   0   0
 234 246 246 246 246 246 246 246 246 246],
[246 246 246 246 246 246 246 246 246 246 246 246  12   0   0   0   0   0
 101 101 101 101 101 227 227 227 227 227 227 227 227 227 227 227 227 227
 227 227 227 227 227 227 227 227 227 227 227 227 227 227 227 227 227 227
 227 227 227 227 227 227 227 227 227 227 227 227 227 227 227 227 227 227
 227 108 101 101 101 101 101 101 101 101 101 101  97   0   0   0   0   0
 234 246 246 246 246 246 246 246 246 246],
[246 246 246 246 246 246 246 246 246 246 246 246  12   0   0   0   0   0
 101 101 101 101 101 227 227 227 227 227 227 227 227 227 227 227 227 227
 227 227 227 227 227 227 227 227 227 227 227 227 227 227 227 227 227 227
 227 227 227 227 227 227 227 227 227 227 227 227 227 227 227 227 227 227
 227 108 101 101 101 101 101 101 101 101 101 101  97   0   0   0   0   0
 234 246 246 246 246 246 246 246 246 246],
[246 246 246 246 246 246 246 246 246 246 246 246  13   3   3   3   3   3
 101 101 101 101 101 227 227 227 227 227 227 227 227 227 227 227 228 227
 227 227 227 227 227 227 227 227 227 227 227 227 227 227 227 227 227 227
 227 227 227 227 227 227 227 227 227 227 227 227 227 227 227 227 227 227
 227 108 101 101 101 101 101 101 101 101 101 101  97   3   3   3   3   3
 234 246 246 246 246 246 246 246 246 246],
[246 246 246 246 246 246 246   0   0   0   0   0 217 227 227 227 227 227
 101 101 101 101 101 101 101 101 101 101 101 101 101 101 101 101 227 227
 227 227 227 227 227 227 227 227 227 227 227 227 227 227 227 227 227 227
 227 227 223 101 101 101 101 101 101 101 101 101 101 101 101 101 101 101
 101 222 227 227 227 227 227 227 227 227 227 227 227 227 227 227 227 226
  16   0   0   0   0   0 246 246 246 246],
[246 246 246 246 246 246 246   0   0   0   0   0 216 227 227 227 227 227
 101 101 101 101 101 101 101 101 101 101 101 101 101 101 101 101 227 227
 227 227 227 227 227 227 227 227 227 227 227 227 227 227 227 227 227 227
 227 227 222 101 101 101 101 101 101 101 101 101 101 101 101 101 101 101
 101 222 227 227 227 227 227 227 227 227 227 227 227 227 227 227 227 227
  16   0   0   0   0   0 246 246 246 246],
[246 246 246 246 246 246 246   0   0   0   0   0 216 227 227 227 227 227
 101 101 101 101 101 101 101 101 101 101 101 101 101 101 101 101 227 227
 227 227 227 227 227 227 227 227 227 227 227 227 227 227 227 227 227 227
 227 227 222 101 101 101 101 101 101 101 101 101 101 101 101 101 101 101
 101 222 227 227 227 227 227 227 227 227 227 227 227 227 227 227 227 227
  16   0   0   0   0   0 246 246 246 246],
[247 246 246 246 246 246 246   0   0   0   0   0 216 227 227 227 227 227
 101 101 101 101 101 101 101 101 101 101 101 101 101 101 101 101 227 227
 227 227 227 227 227 227 227 227 227 227 227 227 227 227 227 227 227 227
 227 227 223 101 101 101 101 101 101 101 101 101 101 100 101 101 101 101
 101 222 227 227 227 227 227 227 227 227 227 227 227 227 227 227 227 227
  16   0   0   0   0   1 246 246 246 246],
[246  12  12  12  12  12  12 216 216 216 216 216  30  19  19  19  19  19
 222 222 222 222 222 101 101 101 101 101 101 101 101 101 101 101 108 108
 108 108 108 108 108 108 108 108 108 108 108 108 108 108 108 108 108 108
 108 108 107 101 101 101 101 101 101 101 101 101 101 101 222 222 222 222
 222 227 227 227 227 227 227 227 227 227 227 227 216  19  19  19  19  19
 205 216 216 216 216 216  12  12  12  12],
[246   0   0   0   0   0   1 227 227 227 227 227  16   0   0   0   0   0
 227 227 227 227 227 101 101 101 101 101 101 101 101 101 101 101 101 101
 101 101 101 101 101 101 101 101 101 101 101 101 101 101 101 101 101 101
 101 101 101 101 101 101 101 101 101 101 101 101 101 101 227 227 227 227
 227 227 227 227 227 227 227 227 227 227 227 227 216   0   0   0   0   0
 216 227 227 227 227 227   0   0   0   0],
[246   0   0   0   0   0   1 227 227 227 227 227  16   0   0   0   0   0
 227 227 227 227 227 101 101 101 101 101 101 101 101 101 101 101 101 101
 101 101 101 101 101 101 101 101 101 101 101 101 101 101 101 101 101 101
 101 101 101 101 101 101 101 101 101 101 101 101 101 101 227 227 227 227
 227 227 227 227 227 227 227 227 227 227 227 227 216   0   0   0   0   0
 216 227 227 227 227 227   0   0   0   0],
[246   0   0   0   0   1   1 227 227 227 227 227  16   0   0   0   0   0
 227 227 227 227 227 101 101 101 101 101 101 101 101 101 101 101 101 101
 101 101 101 101 101 101 101 101 101 101 101 101 101 101 101 101 101 101
 101 101 101 101 101 101 101 101 101 101 101 101 101 101 227 227 227 227
 227 227 227 227 227 227 227 227 227 227 227 227 216   0   0   0   0   1
 216 227 227 227 227 227   0   0   0   0],
[246   0   0   0   0   0   0  77  77  77  77  77   3   0   0   0   0   0
 227 227 227 227 227 101 101 101 101 101 101 101 101 101 101 101 101 101
 101 101 101  99  55  55  55  55  55  55  55  55  55  55  55 101 101 101
 101 101 101 101 101 101 101 101 101 101 101 101 101 101 227 227 227 227
 227 227 227 227 227 227 227 227 227 227 227 227 216   0   0   0   0   0
  74  77  77  77  77  77   0   0   0   0],
[246   0   0   0   0   0   0  77  77  77  77  77   3   0   0   0   0   0
 227 227 227 227 227 101 101 101 101 101 101 101 101 101 101 101 101 101
 101 101 101  99  55  55  55  55  55  55  55  55  55  55  55 101 101 101
 101 101 101 101 101 101 101 101 101 101 101 101 101 101 227 227 227 227
 227 227 227 227 227 227 227 227 227 227 227 227 216   0   0   0   0   0
  74  77  77  77  77  77   0   0   0   0],
[246   0   0   0   0   0   0  77  77  77  77  77   3   0   0   0   0   0
 227 227 227 227 227 101 101 101 101 101 101 101 101 101 101 101 101 101
 101 101 101  99  55  55  55  55  55  55  55  55  55  55  55 101 101 101
 101 101 101 101 101 101 101 101 101 101 101 101 101 101 227 227 227 227
 227 227 227 227 227 227 227 227 227 227 227 227 216   0   0   0   0   0
  74  77  77  77  77  77   0   0   0   0],
[246   0   0   0   0   0   0  77  77  77  77  77   3   0   0   0   0   0
 227 227 227 227 227 101 101 101 101 101 101 101 101 101 101 101 101 101
 101 101 101  99  55  55  55  55  55  55  55  55  55  55  55 101 101 101
 101 101 101 101 101 101 101 101 101 101 101 101 101 101 227 227 227 227
 227 227 227 227 227 227 227 227 227 227 227 227 216   0   0   0   0   0
  74  77  77  77  77  77   0   0   0   0],
[246 234 234 234 234 234 234   3   3   3   3   3   0   0   0   0   0   0
 108 108 108 108 108 100 101 101 101 101 101 101 101 101 101 101 101 101
 101 101 101 101  99  99  99  99  99  99  99  99  99  99  99 101 101 101
 101 101 101 101 101 101 101 101 101 101 101 101 101 101 108 108 108 108
 108 108 108 108 108 108 108 108 108 108 108 108 103   0   0   0   0   0
   3   3   3   3   3   3 234 234 234 234],
[246 246 246 246 246 246 246   0   0   0   0   0   0   0   0   0   0   0
 101 101 101 101 101 101 101 101 101 101 101 101 101 101 101 101 101 101
 101 101 101 101 101 101 101 101 101 101 101 101 101 101 101 101 101 101
 101 101 101 101 101 101 101 101 101 101 101 101 100 102 101 101 101 101
 101 101 101 101 101 101 101 101 101 101 101 101  97   0   0   0   0   0
   0   0   0   0   0   0 246 246 246 246],
[246 246 246 246 246 246 246   0   0   0   0   0   0   0   0   0   0   0
 101 101 101 101 101 101 101 101 101 101 101 101 101 101 101 101 101 101
 101 101 101 101 101 101 101 101 101 101 101 101 101 101 101 101 101 101
 101 101 101 101 101 101 101 101 101 101 101 101 101 101 101 101 101 101
 101 101 101 101 101 101 101 101 101 101 101 101  97   0   0   0   0   0
   0   0   0   0   0   0 246 246 246 246],
[246 246 246 246 246 246 246   0   0   0   0   0   0   0   0   0   0   0
 101 101 101 101 101 101 101 101 101 101 101 101 101 101 101 101 101 101
 101 101 101 101 101 101 101 101 101 101 101 101 101 101 101 101 101 101
 101 101 101 101 101 101 101 101 101 101 101 101 101 101 101 101 101 101
 101 101 101 101 101 101 101 101 101 101 101 101  97   0   0   0   0   0
   0   0   0   0   0   0 246 246 246 246],
[246 246 246 246 246 246 246   0   0   0   0   0   0   0   0   0   0   0
 101 101 101 101 101 101 101 101 101 101 101 101 101 101 101 101 101 101
 101 101 101 101 101 101 101 101 101 101 101 101 101 101 101 101 101 101
 101 101 101 101 101 101 101 101 101 101 101 101 101 101 101 101 101 101
 101 101 101 101 101 101 101 101 101 101 101 101  97   0   0   0   0   0
   0   0   0   0   0   0 246 246 246 246],
[246 246 246 246 246 246 246 246 246 246 246 246 246 246 246 246 246 246
   0   0   0   0   0 100 101 101 101 101 101 101 101 101 101 101 101 101
 101 101 101 101 101 101 101 101 101 101 101 101 101 101 101 101 101 101
 101 101 101 101 101 101 101 101 101 101 101 101 101 101 101 101 101 101
 101 101 101 101 101 101 101   0   0   0   0   0  12 246 246 246 246 246
 246 246 246 246 246 246 246 246 246 246],
[246 246 246 246 246 246 246 246 246 246 246 246 246 246 246 246 246 246
   0   0   0   0   0 101 101 101 101 101 101 101 101 101 101 101 101 101
 101 101 101 101 101 101 101 101 101 101 101 101 101 101 101 101 101 101
 101 101 101 101 101 101 101 101 101 101 101 101 101 101 101 101 101 101
 101 101 101 101 101 101 101   0   0   0   0   0  12 246 246 246 246 246
 246 246 246 246 246 246 246 246 246 246],
[246 246 246 246 246 246 246 246 246 246 246 246 246 246 246 246 246 246
   0   0   0   0   0 101 101 101 101 101 101 101 101 101 101 101 101 101
 101 101 101 101 101 101 101 101 101 101 101 101 101 101 101 101 101 101
 101 101 101 101 101 101 101 101 101 101 101 101 101 101 101 101 101 101
 101 101 101 101 101 101 101   0   0   0   0   0  12 246 246 246 246 246
 246 246 246 246 246 246 246 246 246 246],
[246 246 246 246 246 246 246 246 246 246 246 246 246 246 246 246 246 246
   0   0   0   0   0 101 101 101 101 101 101 101 101 101 101 101 101 101
 101 101 101 101 101 101 101 101 101 101 101 101 101 101 101 101 101 101
 101 101 101 101 101 101 101 101 101 101 101 101 101 101 101 101 101 101
 101 101 101 101 101 101 101   0   0   0   0   0  12 246 246 246 246 246
 246 246 246 246 246 246 246 246 246 246],
[246 246 246 246 246 246 246 246 246 246 246 246 246 246 246 246 246 246
 246 246 246 246 246   0   0   0   0   0   0   0   0   0   0   0 101 101
 101 101 101  97   0   0   0   0   0   0   0   0   0   0   0   0   0   0
   0   0   0   0   0   0   0   0 101 101 101 101 101 101   0   0   0   0
   0   0   0   0   0   0   0 246 246 246 246 246 246 246 246 246 246 246
 246 246 246 246 246 246 246 246 246 246],
[246 246 246 246 246 246 246 246 246 246 246 246 246 246 246 246 246 246
 246 246 246 246 246   0   0   0   0   0   0   0   0   0   0   0 101 101
 101 101 101  97   0   0   0   0   0   0   0   0   0   0   0   0   0   0
   0   0   0   0   0   0   0   0 101 101 101 101 101 101   0   0   0   0
   0   0   0   0   0   0   0 246 246 246 246 246 246 246 246 246 246 246
 246 246 246 246 246 246 246 246 246 246],
[246 246 246 246 246 246 246 246 246 246 246 246 246 246 246 246 246 246
 246 246 246 246 246   0   0   0   0   0   0   0   0   0   0   0 101 101
 101 101 101  97   0   0   0   0   0   0   0   0   0   0   0   0   0   0
   0   0   0   0   0   0   0   0 101 101 101 101 101 101   0   0   0   0
   0   0   0   0   0   0   0 246 246 246 246 246 246 246 246 246 246 246
 246 246 246 246 246 246 246 246 246 246],
[246 246 246 246 246 246 246 246 246 246 246 246 246 246 246 246 246 246
 246 246 246 246 246   0   0   0   0   0   0   0   0   0   0   0 101 101
 101 101 101  97   0   0   0   0   0   0   0   0   0   0   0   0   0   0
   0   0   0   0   0   0   0   0 101 101 101 101 101 101   0   0   0   0
   0   0   0   0   0   0   0 246 246 246 246 246 246 246 246 246 246 246
 246 246 246 246 246 246 246 246 246 246],
[246 246 246 246 246 246 246 246 246 246 246 246 246 246 246 246 246 246
 246 246 246 246 246   0   0   0   0   0   0   0   0   0   0   0 101 101
 101 101 101  97   0   0   0   0   0   0   0   0   0   0   0   0   0   0
   0   0   0   0   0   0   0   0 101 101 101 101 101 101   0   0   0   0
   0   0   0   0   0   0   0 246 246 246 246 246 246 246 246 246 246 246
 246 246 246 246 246 246 246 246 246 246],
[246 246 246 246 246 246 246 246 246 246 246 246 246 246 246 246 246 246
 246 246 246 246 246 246 246 246 246 246 246   0   0   0   0   0  77  77
  77  77  77  74   0   0   0   0   0 246 246 246 246 246 246 246 246 246
 246 246 234   0   0   0   0   0  77  77  77  77  77  77   0   0   0   0
   0 234 247 246 246 246 246 246 246 246 246 246 246 246 246 246 246 246
 246 246 246 246 246 246 246 246 246 246],
[246 246 246 246 246 246 246 246 246 246 246 246 246 246 246 246 246 246
 246 246 246 246 246 246 246 246 246 246 246   0   0   0   0   0  77  77
  77  77  77  74   0   0   0   0   0 246 246 246 246 246 246 246 246 246
 246 246 234   0   0   0   0   0  77  77  77  77  77  77   0   0   0   0
   0 234 246 246 246 246 246 246 246 246 246 246 246 246 246 246 246 246
 246 246 246 246 246 246 246 246 246 246],
[246 246 246 246 246 246 246 246 246 246 246 246 246 246 246 246 246 246
 246 246 246 246 246 246 246 246 246 246 246   0   0   0   0   0  77  77
  77  77  77  74   0   0   0   0   0 246 246 246 246 246 246 246 246 246
 246 246 234   0   0   0   0   0  77  77  77  77  77  77   0   0   0   0
   0 234 246 246 246 246 246 246 246 246 246 246 246 246 246 246 246 246
 246 246 246 246 246 246 246 246 246 246],
[246 246 246 246 246 246 246 246 246 246 246 246 246 246 246 246 246 246
 246 246 246 246 246 246 246 246 246 246 246   0   0   0   0   0  77  77
  77  77  77  74   0   0   0   0   0 246 246 246 246 246 246 246 246 246
 246 246 234   0   0   0   0   0  77  77  77  77  77  77   0   0   0   0
   0 234 246 246 246 246 246 246 246 246 246 246 246 246 246 246 246 246
 246 246 246 246 246 246 246 246 246 246],
[246 246 246 246 246 246 246 246 246 246 246 246 246 246 246 246 246 246
 246 246 246 246 246 246 246 246 246 246 246   0   0   0   0   0   0   0
   0   0   0   0   0   0   0   0   0 246 246 246 246 246 246 246 246 246
 246 246 234   0   0   0   0   0   0   0   0   0   0   0   0   0   0   0
   0 234 246 246 246 246 246 246 246 246 246 246 246 246 246 246 246 246
 246 246 246 246 246 246 246 246 246 246],
[246 246 246 246 246 246 246 246 246 246 246 246 246 246 246 246 246 246
 246 246 246 246 246 246 246 246 246 246 246   0   0   0   0   0   0   0
   0   0   0   0   0   0   0   0   0 246 246 246 246 246 246 246 246 246
 246 246 234   0   0   0   0   0   0   0   0   0   0   0   0   0   0   0
   0 234 246 246 246 246 246 246 246 246 246 246 246 246 246 246 246 246
 246 246 246 246 246 246 246 246 246 246],
[246 246 246 246 246 246 246 246 246 246 246 246 246 246 246 246 246 246
 246 246 246 246 246 246 246 246 246 246 246   0   0   0   0   0   0   0
   0   0   0   0   0   0   0   0   0 246 246 246 246 246 246 246 246 246
 246 246 234   0   0   0   0   0   0   0   0   0   0   0   0   0   0   0
   0 234 246 246 246 246 246 246 246 246 246 246 246 246 246 246 246 246
 246 246 246 246 246 246 246 246 246 246],
[246 246 246 246 246 246 246 246 246 246 246 246 246 246 246 246 246 246
 246 246 246 246 246 246 246 246 246 246 246   0   0   0   0   0   0   0
   0   0   0   0   0   0   0   0   0 246 246 246 246 246 246 246 246 246
 246 246 234   0   0   0   0   0   0   0   0   0   0   0   0   0   0   0
   0 234 246 246 246 246 246 246 246 246 246 246 246 246 246 246 246 246
 246 246 246 246 246 246 246 246 246 246],
[246 246 246 246 246 246 246 246 246 246 246 246 246 246 246 246 246 246
 246 246 246 246 246 246 246 246 246 246 246   0   0   0   0   0   0   0
   0   0   0   0   0   0   0   0   0 246 246 246 246 246 246 246 246 246
 246 246 234   0   0   0   0   0   0   0   0   0   0   0   0   0   0   0
   0 234 246 246 246 246 246 246 246 246 246 246 246 246 246 246 246 246
 246 246 246 246 246 246 246 246 246 246],
[246 246 246 246 246 246 246 246 246 246 246 246 246 246 246 246 246 246
 246 246 246 246 246 246 246 246 246 246 246 246 246 246 246 246 246 246
 246 246 246 246 246 246 246 246 246 246 246 246 246 246 246 246 246 246
 246 246 246 246 246 246 246 246 246 246 246 246 246 246 246 246 246 246
 246 246 246 246 246 246 246 246 246 246 246 246 246 246 246 246 246 246
 246 246 246 246 246 246 246 246 246 246]]